22 0.922000 0.842066 0.156000 0.314371
22 0.314000 0.357784 0.087000 0.071856
22 0.245000 0.398204 0.021000 0.023952
22 0.412000 0.250000 0.075000 0.089820
22 0.465000 0.294162 0.049000 0.073353
22 0.572000 0.401198 0.027000 0.026946
22 0.526500 0.295659 0.058000 0.085329
22 0.614500 0.295659 0.064000 0.049401
22 0.526000 0.188623 0.045000 0.038922
22 0.641000 0.359281 0.041000 0.062874
22 0.701000 0.304641 0.031000 0.034431
22 0.454000 0.454341 0.041000 0.079341
22 0.662000 0.042103 0.045000 0.083458
22 0.745500 0.062313 0.076000 0.123877
22 0.774500 0.152695 0.032000 0.047904