20 0.319125 0.447979 0.032750 0.060629
20 0.428625 0.191804 0.067250 0.031811
20 0.424875 0.596183 0.019250 0.034431
20 0.509500 0.606287 0.021000 0.037425
20 0.572375 0.754491 0.029750 0.037425
20 0.583000 0.633046 0.026000 0.041542
20 0.651375 0.635853 0.020250 0.035928
20 0.638250 0.754678 0.013500 0.022829
20 0.689250 0.540981 0.027000 0.044536
20 0.560000 0.488960 0.022000 0.047530
20 0.844125 0.552395 0.034750 0.021707
20 0.859500 0.595621 0.021000 0.024326
20 0.864750 0.499064 0.020000 0.021332
20 0.872375 0.446482 0.018250 0.017216