21 0.687376 0.798942 0.014137 0.024471
21 0.774802 0.924603 0.018353 0.011243
21 0.573661 0.984954 0.019345 0.014220
21 0.043155 0.151124 0.017361 0.031746
21 0.310640 0.668651 0.005704 0.008598
23 0.321925 0.671131 0.020337 0.025463
21 0.980655 0.938161 0.024802 0.033069
20 0.538690 0.692626 0.005456 0.007606
20 0.476562 0.714451 0.007688 0.010913
20 0.626240 0.571098 0.003968 0.007275
21 0.377108 0.249669 0.017609 0.039683
21 0.391493 0.344742 0.023562 0.026124
21 0.400298 0.370866 0.012401 0.020833
21 0.353299 0.538194 0.021577 0.024802
21 0.383185 0.602348 0.025794 0.026124
21 0.469494 0.588624 0.039187 0.029101
21 0.524802 0.497685 0.023810 0.037037
21 0.443204 0.391700 0.015377 0.023479
21 0.468006 0.232308 0.021825 0.041336
21 0.596106 0.312996 0.019593 0.026124
21 0.750496 0.507937 0.024802 0.030423