21 0.603202 0.365451 0.017361 0.019097
21 0.708140 0.429109 0.017361 0.036458
21 0.293981 0.422164 0.014660 0.017940
21 0.361304 0.582465 0.015046 0.032986
21 0.372685 0.394097 0.011574 0.020833
21 0.390432 0.362269 0.027778 0.021991
21 0.367670 0.331887 0.010031 0.012153
21 0.422647 0.453414 0.018904 0.027199
21 0.472608 0.414062 0.010031 0.024884
21 0.760417 0.396991 0.023920 0.047454
21 0.741705 0.320602 0.015818 0.048611
21 0.778164 0.280382 0.023920 0.054977
21 0.157986 0.044850 0.015818 0.013310
21 0.186728 0.095197 0.010031 0.019097
21 0.127315 0.028935 0.010031 0.015046