21 0.520337 0.350860 0.024802 0.042989
23 0.398934 0.581680 0.023562 0.035714
21 0.406498 0.662202 0.030258 0.030093
21 0.513765 0.103009 0.016121 0.021495
21 0.524554 0.149636 0.018353 0.028770
21 0.843254 0.844742 0.017361 0.021495
21 0.726935 0.702216 0.017857 0.020833
23 0.714658 0.643353 0.009177 0.012897
23 0.827381 0.620040 0.008433 0.008598
23 0.749504 0.662864 0.007440 0.011574
23 0.765005 0.648479 0.008185 0.011243
23 0.785962 0.654266 0.015377 0.008929
23 0.733507 0.546296 0.014137 0.019841
23 0.866567 0.425265 0.015377 0.029762
23 0.609747 0.629134 0.020089 0.026124
23 0.612351 0.691964 0.027282 0.030754
23 0.517113 0.659061 0.019841 0.024471