21 0.175540 0.364005 0.013117 0.019676
21 0.397955 0.599537 0.018904 0.025463
21 0.461227 0.487558 0.012731 0.032986
21 0.569637 0.524884 0.015818 0.020833
21 0.655093 0.204282 0.016975 0.047454
21 0.697531 0.192998 0.010802 0.022569
21 0.450810 0.140914 0.011960 0.013310
21 0.663002 0.344329 0.011188 0.021991
21 0.673418 0.432002 0.011960 0.013310
21 0.720293 0.331597 0.010802 0.032407
21 0.764275 0.302083 0.010031 0.020833
21 0.837191 0.227720 0.010802 0.023727
21 0.846065 0.104745 0.016975 0.020833
21 0.609954 0.035012 0.010031 0.017940