21 0.313850 0.338542 0.005787 0.015046
21 0.424190 0.326968 0.036651 0.054398
21 0.457948 0.359086 0.013889 0.038773
21 0.496528 0.584201 0.024691 0.035301
21 0.408179 0.740162 0.019290 0.048611
21 0.799961 0.557292 0.015818 0.017361
21 0.861304 0.561921 0.015818 0.020833
21 0.811343 0.518808 0.013117 0.012153
21 0.812886 0.478588 0.025463 0.030093
21 0.848958 0.426215 0.018904 0.034144
21 0.909336 0.446759 0.010802 0.019676
21 0.980903 0.498843 0.019676 0.031250
22 0.980710 0.528356 0.038580 0.033565
23 0.291088 0.882234 0.064429 0.107060