21 0.391397 0.703993 0.028935 0.043403
21 0.395833 0.622106 0.018519 0.037037
21 0.713927 0.659433 0.021991 0.053819
21 0.698688 0.429977 0.030093 0.038194
21 0.493827 0.131076 0.030093 0.048032
20 0.596258 0.872685 0.011960 0.021991
21 0.648727 0.708912 0.029707 0.047454
21 0.672454 0.735532 0.007716 0.026620
21 0.744020 0.549769 0.008873 0.020833
21 0.830633 0.572049 0.010031 0.014468
21 0.113426 0.434896 0.027778 0.070023
21 0.061535 0.543981 0.015046 0.020833
21 0.083333 0.635706 0.028549 0.044560
21 0.164931 0.680556 0.025849 0.026620
21 0.169946 0.609375 0.005787 0.015046
21 0.193094 0.630787 0.042824 0.031250
21 0.260031 0.517940 0.027778 0.048611
21 0.219329 0.470486 0.025849 0.046296