21 0.298997 0.376736 0.019290 0.025463
21 0.632716 0.392650 0.021605 0.035301
21 0.440394 0.693866 0.011188 0.020833
21 0.413773 0.394676 0.026620 0.042824
21 0.464120 0.395544 0.024691 0.032986
21 0.488426 0.432002 0.025463 0.034144
21 0.507137 0.393229 0.023534 0.034144
21 0.570409 0.499421 0.025849 0.041667
21 0.479167 0.638021 0.024691 0.049190
21 0.467978 0.674479 0.020833 0.044560
21 0.500772 0.721065 0.010802 0.016204
21 0.563465 0.642650 0.019676 0.039931
21 0.021991 0.623264 0.013117 0.019676