21 0.352045 0.195168 0.063272 0.096354
21 0.401331 0.052083 0.056906 0.093171
21 0.221836 0.435475 0.062114 0.065972
21 0.291474 0.430700 0.049383 0.114294
21 0.601755 0.471644 0.043789 0.080440
21 0.543981 0.758681 0.048225 0.088542
21 0.488137 0.904080 0.056906 0.118924
21 0.867477 0.367188 0.052469 0.093171
21 0.938850 0.384115 0.042824 0.046586
21 0.923322 0.520689 0.022569 0.056424
21 0.955440 0.601997 0.024691 0.077257
21 0.986015 0.517940 0.027971 0.047454
21 0.726080 0.739439 0.020448 0.062789
21 0.877218 0.258681 0.026813 0.030671