21 0.016493 0.220341 0.032552 0.048322
21 0.447266 0.205440 0.021701 0.026042
21 0.393555 0.472367 0.024957 0.027488
21 0.455946 0.592448 0.054253 0.105613
21 0.633355 0.463686 0.046658 0.053530
21 0.562283 0.413773 0.069444 0.098380
21 0.625760 0.312500 0.035807 0.063657
21 0.497721 0.441262 0.022786 0.023148
21 0.127170 0.368924 0.028212 0.026042
21 0.097873 0.307436 0.013021 0.015914
21 0.078885 0.402922 0.016276 0.021701
21 0.074002 0.435475 0.015191 0.014468
21 0.643989 0.691406 0.028863 0.033275
21 0.709635 0.705150 0.032118 0.076968
21 0.693034 0.610677 0.015408 0.023438